2 0.30070068359375 0.9038774403470716 0.09684326171875002 0.1911659436008678
2 0.4816357421875 0.841024945770065 0.20480712890624997 0.2750488069414317
2 0.4926220703125 0.615 0.06239257812499999 0.2209544468546638
2 0.57400146484375 0.5393980477223427 0.08843261718750006 0.3179284164859002
2 0.4376904296875 0.5442353579175706 0.05832275390624997 0.22871475054229934
2 0.48828125 0.44629609544468546 0.10905029296875002 0.16067245119305856
2 0.4082568359375 0.3278958785249458 0.08246582031250005 0.27093275488069424
2 0.318740234375 0.28632321041214753 0.15082519531249994 0.1877819956616052
2 0.42622802734375 0.1639533622559653 0.13875244140624998 0.18058568329718006
2 0.4937744140625 0.0693709327548807 0.145263671875 0.138736442516269
2 0.58512451171875 0.07547180043383947 0.09196044921875002 0.15093817787418654
2 0.506083984375 0.22989696312364424 0.11250732421874998 0.19187093275488074
2 0.53690673828125 0.2987852494577007 0.10457275390624998 0.2411930585683297
2 0.63313720703125 0.2400704989154013 0.14241455078124998 0.18508134490238615
2 0.69000244140625 0.2249295010845987 0.1080322265625 0.1529989154013016
2 0.69844482421875 0.1180477223427332 0.13509033203124998 0.10374186550976143
2 0.6927490234375 0.0506941431670282 0.126953125 0.09745661605206074
2 0.70505859375 0.44750542299349244 0.15482666015625002 0.17151301518438178
2 0.71207763671875 0.6181073752711497 0.15584228515624998 0.21805314533622566
2 0.894775390625 0.7091160520607375 0.150146484375 0.40479934924078104
2 0.96384765625 0.8009761388286334 0.07181884765625002 0.3969631236442516