2 0.22474238642939814 0.1650239816823331 0.08131591796875004 0.32903856350927924
2 0.36844979745370376 0.33439226319595083 0.1713252314814815 0.25355169920462767
2 0.3275572374131944 0.17965425403711738 0.11301251446759264 0.16726608821402741
2 0.37295120804398146 0.10732272836828152 0.10553557219328702 0.12493167028199567
2 0.4202268699363426 0.18861569052783805 0.09544153284143508 0.20162701855868886
2 0.4794231047453704 0.07195086165341047 0.14158953631365745 0.14390172330682094
2 0.29127170138888886 0.5863283923837068 0.08159930193865739 0.37848614123885266
2 0.39512152777777776 0.6222582550012049 0.08301441333912041 0.3984521571463005
2 0.5176652018229168 0.30450084357676543 0.15947012442129616 0.28982501807664496
2 0.5718742766203704 0.24752964569775848 0.15359429253472223 0.2946914919257652
2 0.5944874855324074 0.12049195589298625 0.12615017361111125 0.2409839117859725
2 0.6980570927372685 0.23778308026030368 0.10871401186342577 0.3317812725958062
2 0.7234173357928241 0.4060753193540612 0.11514567057291658 0.36010375994215477
2 0.5767454246238426 0.547884791516028 0.1345666051793981 0.3391899252832008
2 0.6084439199942129 0.6727477705471198 0.13567003038194425 0.37291479874668587
2 0.7067418981481481 0.7504322728368281 0.10476282190393515 0.37094637261990837
2 0.7863526294849537 0.7504274523981682 0.11589545355902775 0.35639334779464926
2 0.2077027271412037 0.935589057604242 0.2640863715277778 0.11579320318148931