2 0.15546095444685468 0.5297459852430556 0.3109164859002169 0.1254029947916666
2 0.31633947939262475 0.3460149197048611 0.285612798264642 0.20374848090277775
2 0.6408188720173537 0.3669850260416667 0.3163394793926247 0.22642648654513886
2 0.32266811279826463 0.22984320746527778 0.1898047722342733 0.08588568793402779
2 0.26301518438177873 0.16185356987847224 0.4175704989154013 0.09105740017361114
2 0.25578633405639917 0.12891319444444443 0.3669577006507592 0.051193142361111166
2 0.23092733188720171 0.1049407009548611 0.34255422993492407 0.06521169704861113
2 0.43926247288503256 0.078232421875 0.20065075921908893 0.0544463433159722
2 0.6738069414316703 0.26184299045138887 0.5016268980477223 0.1591737196180556
2 0.7260032537960954 0.21892578125 0.2643709327548807 0.06521077473958337
2 0.9270173535791757 0.1999030490451389 0.14488611713665947 0.052255154079861144
2 0.8618058568329718 0.2439001736111111 0.2675325379609544 0.07665353732638891
2 0.9532266811279827 0.26954318576388886 0.09246203904555314 0.08404269748263882