2 0.3187860785590278 0.8593485177151121 0.10066824001736119 0.20550686912509056
2 0.4984635416666666 0.7697024584237165 0.2103104926215278 0.3053774403470716
2 0.5049274088541666 0.5420506146059292 0.06681358506944446 0.23019378163412868
2 0.5847941080729167 0.4543976861894432 0.09479394531249996 0.33102386117136656
2 0.4485798611111111 0.4794204627621115 0.06289903428819443 0.23735140997830798
2 0.49721104600694443 0.37398951554591475 0.11226513671874994 0.17682104121475054
2 0.4148175998263889 0.2674396240057845 0.08788682725694452 0.28314461315979766
2 0.32446918402777775 0.23912292118582792 0.15458246527777775 0.2101167751265365
2 0.4295085177951389 0.10083586406362978 0.14236572265625003 0.20113268257411426
2 0.49516243489583334 0.03818736442516269 0.14803960503472213 0.07637472885032538
2 0.5866346028645834 0.03555115690527838 0.09498052300347215 0.07110231381055676
2 0.5106839192708333 0.1549540853217643 0.11634640842013888 0.20853145336225598
2 0.5428850368923611 0.2192780187997108 0.10939870876736113 0.25667859725235
2 0.6379407009548611 0.14631308749096167 0.14611778428819444 0.2061706435285611
2 0.6945029839409722 0.12275126536514824 0.11109353298611113 0.16899674620390462
2 0.7008068033854167 0.038246294287780196 0.13716606987847224 0.07649258857556039
2 0.6937633463541666 0.003118673174258857 0.1289031032986112 0.006237346348517714
2 0.7140125868055556 0.34309761388286336 0.15825840928819446 0.1944403470715835
2 0.7244451497395834 0.5126601590744758 0.16020524088541643 0.24113087490961693
2 0.9089638671875 0.5766142443962401 0.15824598524305555 0.4270336225596531
2 0.9699966769748264 0.6582458423716557 0.06000664605034722 0.4075983369486623