2 0.2216259765625 0.18690347071583513 0.07595458984375003 0.32154013015184374
2 0.36227783203125 0.37015726681127986 0.167373046875 0.23702819956616047
2 0.3240283203125 0.21164316702819955 0.11040527343749995 0.15636659436008674
2 0.3705517578125 0.14390455531453364 0.10362304687500001 0.11470173535791757
2 0.416396484375 0.22972342733188722 0.09223144531249994 0.19252169197396962
2 0.4778369140625 0.09513015184381779 0.13861816406250005 0.17820498915401303
2 0.28103271484375 0.6140726681127983 0.07541259765624997 0.3710412147505422
2 0.38411376953125 0.6601789587852493 0.07649658203124998 0.3909002169197398
2 0.51174560546875 0.3550216919739696 0.1548925781249999 0.2745336225596529
2 0.56681396484375 0.3034869848156182 0.14892578125 0.27998915401301516
2 0.592041015625 0.1467245119305857 0.12125732421875002 0.29344360086767896
2 0.69295166015625 0.30619305856832973 0.10335205078124998 0.32157809110629065
2 0.71546875 0.47670824295010844 0.10932128906249994 0.34931127982646426
2 0.56667724609375 0.60382863340564 0.12912353515625008 0.3264425162689805
2 0.5962451171875 0.731610629067245 0.12966552734374992 0.3601138828633404
2 0.69308837890625 0.8188557483731019 0.0987402343749999 0.361198481561822
2 0.772568359375 0.8266973969631237 0.11013427734374992 0.34552060737527107
2 0.191787109375 0.9545227765726682 0.262587890625 0.0898698481561821