2 0.2554871961805556 0.8840868080662008 0.10640570746527778 0.19753968827830024
2 0.4395662434895833 0.8093260625050211 0.21856553819444446 0.28852819956616066
2 0.46185872395833333 0.5825780509359685 0.07344509548611111 0.2250608178677594
2 0.5470198567708333 0.5016201092632763 0.10433593750000014 0.32374861412388534
2 0.41046685112847225 0.5154287378484776 0.06976345486111102 0.2325532658471922
2 0.46595675998263886 0.41415983771189846 0.11708740234375004 0.16784960231381058
2 0.3918549262152778 0.3010264320719852 0.09601833767361112 0.27636024744918464
2 0.3044178602430555 0.2653453040893388 0.1602183702256943 0.19770856431268577
2 0.41802680121527774 0.13590114083714952 0.14778564453124998 0.18971768297581745
2 0.4903043619791667 0.055510815859243196 0.15220350477430555 0.11102163171848639
2 0.5813492838541667 0.05772853900538282 0.09951063368055557 0.11545707801076564
2 0.4945841471354167 0.19658901743391982 0.12210503472222223 0.19927560858038082
2 0.5219609917534722 0.26344870249859403 0.11663764105902774 0.2480755202056721
2 0.6211284722222221 0.19840053828231705 0.15167263454861102 0.19445436651401948
2 0.6787510850694445 0.179516951875954 0.11568549262152761 0.1601090624246807
2 0.6925398763020834 0.07207953723788865 0.14027967664930552 0.11263284325540293
2 0.6902132161458333 0.029003424519964655 0.1318280707465278 0.05800684903992931
2 0.6826736111111111 0.4011019522776573 0.16340603298611112 0.1817029404675825
2 0.6811588541666667 0.5712419458504057 0.16674967447916655 0.22830991403551068
2 0.85930419921875 0.6502263597654052 0.17039523654513888 0.41468124849361304
2 0.9237814670138889 0.7375404515144212 0.0916756184895835 0.40168988511287856