2 0.21476987485532406 0.20148979673816983 0.08774951171875 0.32653908572346746
2 0.3486995081018519 0.3940006025548325 0.1760678530092592 0.24804386599180522
2 0.31626470269097223 0.23296910902225437 0.11614120370370362 0.1636329235960472
2 0.36527296730324077 0.16829243994536836 0.10783060257523158 0.12152169197396964
2 0.4079696361400463 0.2571285852012533 0.0992936378761573 0.1985919096971158
2 0.4743472945601852 0.1265790150237005 0.14515518301504637 0.18732815136177391
2 0.25850694444444444 0.6325688519321925 0.08902334707754622 0.37600449907608247
2 0.35989670138888885 0.6854594279746122 0.09083581090856474 0.3959348437374467
2 0.49872249348958336 0.3887022575721057 0.16496317997685173 0.2847278862376476
2 0.5556812789351852 0.34079187756085805 0.1591965060763889 0.28979071262151523
2 0.5866587818287037 0.18568972443158993 0.13202159288194437 0.3014241584317507
2 0.6817197084780092 0.3517997107736804 0.11514836516203708 0.328380212099301
2 0.6979818612557871 0.5237968586808066 0.12213492838541651 0.356506266570258
2 0.5445272533275464 0.6411245279987146 0.14109828920717593 0.33494078894512747
2 0.5694077510127314 0.7708525347473286 0.14287543402777758 0.3686478267855708
2 0.663050636574074 0.8403114304651723 0.11198992693865728 0.3193771390696553
2 0.742242965133102 0.8505797380894996 0.12280886501736088 0.29884052382100085
2 0.15677275028935184 0.9567846067325461 0.2658845486111111 0.08643078653490795