2 0.15546095444685468 0.53130126953125 0.3109164859002169 0.12229248046874996
2 0.31633947939262475 0.3491796875 0.285612798264642 0.20089111328124998
2 0.6408188720173537 0.37339599609375 0.3163394793926247 0.22326171875
2 0.32266811279826463 0.2330712890625 0.1898047722342733 0.08398681640625
2 0.26301518438177873 0.16448486328125 0.4175704989154013 0.08687988281250003
2 0.25578633405639917 0.13147216796875 0.3669577006507592 0.04752197265625002
2 0.23092733188720171 0.1072509765625 0.34255422993492407 0.06178466796875001
2 0.43926247288503256 0.082626953125 0.20065075921908893 0.05243896484374999
2 0.6738069414316703 0.268583984375 0.5016268980477223 0.15415527343750002
2 0.7260032537960954 0.22618896484375 0.2643709327548807 0.06256591796875
2 0.9270173535791757 0.20917724609375 0.14488611713665947 0.05080566406249998
2 0.8618058568329718 0.25252197265625 0.2675325379609544 0.07397705078125005
2 0.9532266811279827 0.27907958984375 0.09246203904555314 0.08311767578124996