2 0.11678049931710452 0.5323381257233797 0.23356099863420904 0.12436615668402773
2 0.2588862778179481 0.3512895326967593 0.31866694785892175 0.20279602502893512
2 0.579381176187033 0.37766997612847225 0.3530744356069735 0.22537156394675928
2 0.2843191130392866 0.23522334346064813 0.20362376476259347 0.08525273075810186
2 0.2359512332288905 0.16623905888310186 0.43186550976138827 0.0896648943865741
2 0.23415421386679522 0.13317815031828703 0.3747768538603679 0.04996941912615743
2 0.21328050935968504 0.10879116030092592 0.3527201333654696 0.06406935402199077
2 0.425667229051177 0.085556640625 0.2092789427171206 0.053777217158564816
2 0.6296147666104283 0.27307798032407404 0.5269912428697678 0.1575009042245371
2 0.6887866554189764 0.23103108723958332 0.2746653812163574 0.0643291558159722
2 0.8925998232505824 0.2153600441261574 0.15324556117940089 0.05177199074074068
2 0.82025648750703 0.25826983868634257 0.2797045472804693 0.07576137514467596
2 0.9073075841568249 0.2854371925636574 0.10613802522696232 0.08373435691550912